neural network results
========================

learning_rate: 0.01, epochs: 50
mae: 421596.1834483372
rmse: 716910.141006604
sample predictions:
     actual     predicted         error
0   3626512  3.251141e+06  3.753708e+05
1   1897904  1.484624e+06  4.132796e+05
2   2235701  1.951586e+06  2.841154e+05
3    417464  1.646150e+05  2.528490e+05
4    849452  6.137168e+05  2.357352e+05
5    161461  4.056770e+05 -2.442160e+05
6   3073683  4.568108e+06 -1.494424e+06
7   8714820  8.244543e+06  4.702770e+05
8    532660  3.285760e+05  2.040840e+05
9  11637060  1.209982e+07 -4.627650e+05

