neural network results
========================

learning_rate: 0.01, epochs: 50
mae: 390443.81205005926
rmse: 658080.2170508245
sample predictions:
     actual     predicted          error
0   3626512  2.951922e+06  674589.500000
1   1897904  1.187496e+06  710408.500000
2   2235701  1.687367e+06  548334.250000
3    417464  3.228243e+05   94639.718750
4    849452  2.527843e+05  596667.718750
5    161461  6.720402e+04   94256.976562
6   3073683  3.879610e+06 -805926.750000
7   8714820  7.922248e+06  792571.500000
8    532660  3.532688e+05  179391.218750
9  11637060  1.205050e+07 -413437.000000

learning_rate: 0.001, epochs: 50
mae: 2153315.732269218
rmse: 3158015.715749459
sample predictions:
     actual    predicted        error
0   3626512  2346131.000  1280381.000
1   1897904  2175482.750  -277578.750
2   2235701  2156560.750    79140.250
3    417464  2132329.500 -1714865.500
4    849452  2746468.250 -1897016.250
5    161461  1638530.875 -1477069.875
6   3073683  2745932.000   327751.000
7   8714820  3297654.750  5417165.250
8    532660  1232868.375  -700208.375
9  11637060  3346657.750  8290402.250

learning_rate: 0.001, epochs: 100
mae: 1158607.5425679479
rmse: 1543491.0962970417
sample predictions:
     actual     predicted        error
0   3626512  3.084430e+06   542081.750
1   1897904  2.324659e+06  -426755.250
2   2235701  2.303836e+06   -68135.500
3    417464  1.704156e+06 -1286692.125
4    849452  1.775850e+06  -926398.125
5    161461  1.685571e+06 -1524110.125
6   3073683  3.231217e+06  -157534.000
7   8714820  6.215371e+06  2499449.000
8    532660  2.433371e+06 -1900711.250
9  11637060  1.099393e+07   643133.000

 