MODEL RESULTS
====================

linear regression
mae: 374523.9130268761
rmse: 720333.2181333482

LinReg predictions:
     actual     predicted         error
0   3626512  3.151196e+06  4.753158e+05
1   1897904  1.737845e+06  1.600594e+05
2   2235701  2.047132e+06  1.885693e+05
3    417464  3.627186e+05  5.474538e+04
4    849452  9.059928e+05 -5.654085e+04
5    161461 -3.369765e+04  1.951587e+05
6   3073683  4.215133e+06 -1.141450e+06
7   8714820  6.827797e+06  1.887023e+06
8    532660  7.924913e+05 -2.598313e+05
9  11637060  1.079745e+07  8.396076e+05

Ridge regression

alpha: 0.1
mae: 374523.91278848436
rmse: 720333.2181224562
sample predictions:
     actual     predicted         error
0   3626512  3.151196e+06  4.753158e+05
1   1897904  1.737845e+06  1.600594e+05
2   2235701  2.047132e+06  1.885693e+05
3    417464  3.627186e+05  5.474538e+04
4    849452  9.059928e+05 -5.654085e+04
5    161461 -3.369765e+04  1.951587e+05
6   3073683  4.215133e+06 -1.141450e+06
7   8714820  6.827797e+06  1.887023e+06
8    532660  7.924913e+05 -2.598313e+05
9  11637060  1.079745e+07  8.396077e+05

alpha: 1.0
mae: 374523.9106431439
rmse: 720333.218024211
sample predictions:
     actual     predicted         error
0   3626512  3.151196e+06  4.753158e+05
1   1897904  1.737845e+06  1.600593e+05
2   2235701  2.047132e+06  1.885693e+05
3    417464  3.627187e+05  5.474534e+04
4    849452  9.059929e+05 -5.654087e+04
5    161461 -3.369766e+04  1.951587e+05
6   3073683  4.215133e+06 -1.141450e+06
7   8714820  6.827797e+06  1.887023e+06
8    532660  7.924913e+05 -2.598313e+05
9  11637060  1.079745e+07  8.396077e+05

alpha: 10.0
mae: 374523.8891902134
rmse: 720333.2170417455
sample predictions:
     actual     predicted         error
0   3626512  3.151196e+06  4.753156e+05
1   1897904  1.737845e+06  1.600591e+05
2   2235701  2.047132e+06  1.885691e+05
3    417464  3.627191e+05  5.474494e+04
4    849452  9.059930e+05 -5.654104e+04
5    161461 -3.369773e+04  1.951587e+05
6   3073683  4.215133e+06 -1.141450e+06
7   8714820  6.827797e+06  1.887023e+06
8    532660  7.924911e+05 -2.598311e+05
9  11637060  1.079745e+07  8.396079e+05
